                                   |
                                   |
                    44444444       |
                    4 4  4 4       |
                    4 4  4 4       |
    51              44    44       |
   5511             4      4       |
  555111         4  4 4444 4   4   |
 55511111        4  4 4  4 4   4   |
5555111111        4 44444444 44    |
55551111111        44  44  44      |
555111111111         444444        |
55511111111            44     3333 |
555111112      4       44    337773|
55111222      444      44   3773773|
5512222  33    4       44   3777337|
22222266333366464666666446663773337|
22222263333366666666644664466337773|
22222233333666666666446666446637777|
22222233366666666664466666644663777|