                                   |
 11111  1111                       |
   1    1   1    666666666666666666|
   1    1   1                      |
   1    1   1                      |
   1    1   1                      |
   1    1111     666666666666666666|
                                   |
                                   |
                                   |
66666666666666666666666666666666666|
             1                     |
             1                     |
             1                     |
             1                     |
             1                     |
             1                     |
             1                     |
             1                     |
             1                     |